###ENTRADA###
7,37,16,5,29,32,18,6,9,19,29,20,46,47,8,44,6,17,29,10,48,37,17,49,34,21,33,33,47,25,15,42,14,25,12,33,30,29,25,41,34,48,26,9,9,49,47,8,17,30,16,43,14,42,7,32,50,17,13,40,29,11,36,27,16,10,35,32,42,41,35,43,41,6,45,39,41,15,45,45,16,47,28,50,44,9,20,10,39,49,5,15,50,39,30,21,27,21,29,45,5,28,43,42,16,40,44,37,28,24,35,45,38,9,37,19,18,13,42,48,26,15,36,44,20,20,13,26,12,42,24,21,22,39,12,22,24,23,35,41,24,39,47,10,33,8,5,49,41,8,12,39,44,7,16,47,33,20
912
###SALIDA###
Ingrese el avance: Ingrese la distancia: Jugador 2
###ENTRADA###
33,32,40,37,33,5,8,10,37,33,19,39,19,8,7,26,42,29,31,39,49,9,8,35,10,7,32,12,9,25,31,20,12,33,34,49,34,25,36,40,39,16,31,18,6,19,18,36,14,20,33,23,13,30,50,50,44,18,42,47,19,19,43,49,15,28,42,6,37,23,29,14,26,23,13,48,34,48,7,41,13,32,40,22,5,24,5,22
472
###SALIDA###
Ingrese el avance: Ingrese la distancia: Jugador 1
###ENTRADA###
43,30,13,9,19,24,15,23,22,39,7,28,17,28,7,8,8,28
244
###SALIDA###
Ingrese el avance: Ingrese la distancia: Ambos fallaron
###ENTRADA###
26,20,46,5,43,8,9,30,40,22,20,34,45,13,17,41,6,25,29,8,15,15,45,6,46,6,47,29,41,26,13,48,21,32,34,14,39,49,7,12,17,15,48,15,49,29,7,22,5,25,10,39,19,38,12,20,6,39,30,20,23,32,42,43,22,29,39,12,42,31,32,38,12,44,25,5,5,13,48,44,21,19,38,7,6,33,23,38,16,46,23,20,17,28,32,25,9,44,50,31,36,44,9,26,7,38,8,42,27,15,32,36,15,6,34,44
600
###SALIDA###
Ingrese el avance: Ingrese la distancia: Jugador 2
###ENTRADA###
6,40,32,41,27,6,43,18,14,21,6,16,50,28,45,24,8,6,35,6,35,40,5,7,14,33,45,48,15,9,14,50
148
###SALIDA###
Ingrese el avance: Ingrese la distancia: Empate
###ENTRADA###
14,15,34,49,48,14,10,28,5,25,43,19,11,45,6,17,42,31,32,30,8,26,13,19,19,5,46,26,45,47,40,22,26,41,26,50,20,30,18,38,32,15,42,48,36,28,37,42,7,17,17,39,39,19,6,26,48,15,39,23,32,12,36,44,28,23,43,14,13,23,49,43,19,40,12,23,39,22,27,24,16,8,21,47,23,15,32,23,14,47,14,11,20,18,39,38,20,14,45,14,39,44,14,25,49,18,33,12,7,14,46,16,26,10,5,13,20,50,13,13,50,34,36,12,29,33,28,46,7,26,29,24,28,48,29,32,16,41,16,10,18,45,36,7,7,29
771
###SALIDA###
Ingrese el avance: Ingrese la distancia: Jugador 2
###ENTRADA###
42,25,48,23,10,6,43,11,22,17,38,13,23,21,7,14,6,8,50,34,26,35,11,19,13,20,32,15,24,45,38,48,48,41,43,13,6,24,29,29,21,15,30,6,17,27,22,6,29,23,18,27,40,25,39,38,22,37,35,49,38,44,13,50,30,28,24,11,26,26,11,12,6,7,10,27,23,41,21,22,26,33,28,27,34,44,27,26,39,38,43,7,39,9,44,43,23,30,18,48,20,40,43,50,10,26,47,45,7,23,15,33,45,44,34,7,25,27,38,33,8,14,14,34,22,8,43,21,36,32,13,43,14,22,41,48,45,48,48,50
756
###SALIDA###
Ingrese el avance: Ingrese la distancia: Jugador 2
###ENTRADA###
13,37,21,34,30,27,24,49,18,42,13,10,8,27,31,29,43,36,35,21,46,36,33,21,21,41,42,27,27,23,6,41,19,26,9,43,49,10,23,21,45,40,48,14,50,14,42,33,34,19,22,7,48,50,37,48
329
###SALIDA###
Ingrese el avance: Ingrese la distancia: Jugador 2
###ENTRADA###
39,10,26,50,43,35,49,30,9,35,15,48,16,10,21,26,10,18,34,14,23,45,44,45,31,17,46,17,14,23,7,38,44,23,22,39,15,10,40,5,35,42,14,12,35,7,16,40,17,39,27,25,37,8,18,11,49,8,21,37,5,41,38,17
326
###SALIDA###
Ingrese el avance: Ingrese la distancia: Jugador 1
###ENTRADA###
21,32,42,20,22,36,22,35,35,24,48,34,10,37,31,5,41,31,30,6,26,21,38,32,47,42,26,43,40,48,45,17,38,5,39,13,45,48,5,43,12,12,20,27,18,7,10,25,25,48,15,19,32,41,28,16,33,35,35,17,44,21,21,39,31,17,21,11,28,31
373
###SALIDA###
Ingrese el avance: Ingrese la distancia: Jugador 1